-19.500 13.500 -24.300 -20.520 -12.840 15.960 5.700 -24.300 26.940 29.100 -20.580 15.000 27.660 7.680 -12.480 20.280 10.260 21.000 -30.000 1.740 4.440 -27.180 -12.000 -3.660 21.060 -24.420 -0.600 24.120 29.700 -21.000 
27.300 7.260 -27.240 27.780 6.840 6.360 -23.160 -1.440 25.740 28.260 -11.880 -3.540 18.360 -7.440 -6.000 2.700 -8.400 25.740 -13.140 18.960 5.400 -20.580 -1.740 24.120 -20.460 3.300 -18.300 24.120 26.100 -27.840 
-7.140 -27.300 18.060 7.080 1.440 -18.240 7.740 28.020 20.520 23.160 -3.360 26.700 24.240 -22.440 24.840 -18.180 12.600 -5.340 -8.280 7.980 18.300 8.220 13.680 17.400 25.740 -28.260 22.980 -27.720 7.020 -24.240 
25.800 22.440 -17.520 27.420 12.300 -0.300 -13.140 -7.980 27.840 -22.680 3.540 29.760 12.420 4.680 27.780 -11.820 4.440 -4.740 29.580 8.580 -15.420 -1.860 -19.140 21.420 -8.040 7.200 -0.600 -16.800 -12.720 -19.080 
-13.500 -16.380 2.820 -24.780 9.240 12.600 7.200 23.580 19.260 -20.580 -29.880 -23.400 17.940 -6.600 21.300 14.460 -12.780 -13.380 -7.620 -4.980 -27.900 -15.600 -4.440 0.120 -1.200 -12.480 -10.860 -11.760 24.900 7.080 
10.140 -3.780 7.620 18.840 8.940 -27.420 8.700 -28.920 -21.720 15.780 -1.200 1.080 25.200 -3.840 2.820 -29.820 -13.740 -6.840 14.880 3.120 -2.880 -29.040 -7.740 21.600 24.240 -27.900 -25.860 -0.420 19.140 23.340 
26.940 13.260 -18.300 -0.540 -0.240 22.920 -22.560 28.020 -28.620 12.660 13.320 6.060 -4.380 20.040 6.780 29.640 16.320 9.600 10.560 -29.460 -8.760 10.260 -3.240 24.360 29.040 14.460 -7.200 1.440 -21.000 14.940 
27.780 23.280 -15.240 10.740 -21.780 22.680 -29.940 -4.560 23.160 -25.080 24.900 -17.580 -15.300 28.980 -4.320 -12.240 -11.640 -7.320 23.280 2.220 -4.200 -23.100 -5.400 20.640 2.700 2.580 2.400 -29.220 9.780 23.880 
-12.600 -24.960 -9.900 14.340 29.040 -2.400 -1.200 -21.360 7.920 25.980 8.160 2.400 5.580 4.560 -16.920 -14.280 -11.040 -12.120 12.600 -23.520 1.740 11.880 20.160 5.460 -13.080 -24.900 -18.180 16.560 -16.680 25.320 
28.140 12.000 -8.820 3.720 2.520 -27.360 -15.060 11.400 -25.260 10.800 12.480 -19.200 18.060 -22.980 -11.220 -15.420 -24.120 22.140 1.440 0.120 -10.200 7.800 16.440 -10.440 -25.740 17.820 -1.440 -21.180 -9.660 20.640 
-8.520 -12.000 -2.580 -1.080 -23.580 24.600 -16.980 -10.200 -23.100 -9.360 9.780 9.300 -7.140 -22.080 23.940 19.320 16.740 -17.100 -3.360 -29.280 -11.160 16.380 25.560 -10.680 25.080 -4.620 27.000 -1.320 -10.440 15.000 
16.260 29.280 17.760 22.140 21.360 8.640 -11.280 23.880 -15.180 5.400 8.220 1.020 10.320 2.880 22.020 -28.320 -19.800 19.320 -3.180 25.560 -16.500 -17.280 -10.800 -15.240 -13.140 -14.700 -15.420 -5.340 -2.040 -6.900 
11.880 -22.920 12.480 -25.740 -12.240 -15.900 6.300 19.620 -6.000 17.760 20.940 -17.580 16.920 9.480 -23.220 25.140 1.080 -11.460 22.740 -17.160 25.020 -6.600 -13.140 20.160 25.980 3.780 28.320 9.720 12.480 -25.980 
12.840 18.840 -8.520 28.740 -16.140 -4.740 -7.800 -8.400 -28.980 -26.760 -10.140 -25.380 -18.600 -14.340 0.240 22.260 12.420 -9.840 28.920 -16.620 21.000 -28.740 -25.380 0.720 25.860 -0.480 -3.120 -10.140 5.880 12.120 
-14.580 -12.780 0.180 24.600 -7.680 -14.400 -7.740 1.560 -17.400 3.240 18.660 5.400 9.900 -14.820 16.020 15.660 28.200 20.640 -27.300 -17.040 14.400 -3.000 -6.360 13.860 13.620 16.800 -12.300 -5.760 29.700 9.660 
-29.040 -2.220 0.840 3.060 28.620 19.440 -19.740 25.800 -0.660 4.260 -16.560 -15.000 4.800 2.700 -10.140 -13.980 3.840 8.520 17.760 -6.960 -8.400 15.000 8.280 12.600 6.900 -2.640 -23.100 4.200 -17.640 -13.860 
-16.260 -5.880 -23.700 -14.100 -24.780 29.640 -2.700 -10.560 -1.020 11.580 -4.020 -22.140 4.380 2.100 7.680 18.540 3.060 22.380 -22.560 2.160 -9.000 -4.740 19.620 -17.400 5.340 -20.760 -5.340 -29.700 -15.540 -21.240 
-7.920 26.100 12.600 -21.720 2.280 1.020 18.000 -23.700 9.900 9.000 -5.820 -16.740 20.520 -29.100 3.540 2.820 5.640 -9.000 -21.000 -28.740 -1.200 -1.980 -21.360 16.140 13.620 8.700 -23.640 14.580 7.620 -4.980 
3.240 5.220 23.580 -0.720 -26.280 27.360 -15.480 -6.360 11.580 -0.480 14.700 9.540 -24.420 11.400 -7.200 -18.660 -15.660 6.720 1.560 24.600 3.180 26.160 -16.620 11.520 -3.480 5.820 28.800 -5.160 29.700 8.220 
28.680 5.280 26.880 -6.120 -12.060 -24.120 -17.700 10.920 -19.800 11.820 -0.840 -23.100 -20.160 15.000 -11.280 -29.340 14.220 -29.100 23.160 22.500 8.940 -11.100 -1.320 -13.560 9.960 -10.680 13.500 9.420 -3.060 -18.660 
-17.880 -13.920 23.640 22.740 2.220 23.940 14.940 -1.440 27.780 -5.400 -12.120 -20.820 22.980 -8.520 -23.460 22.080 -4.740 6.060 -24.840 21.180 -3.000 -7.920 -26.460 25.980 16.980 -13.980 10.800 -15.780 25.140 -22.560 
-23.880 13.380 0.060 -13.920 19.860 4.620 8.820 -12.120 -13.620 8.820 11.280 24.060 -6.420 13.320 -27.780 23.100 -5.880 0.000 -25.560 6.720 26.040 11.100 8.220 -15.420 -28.380 -3.480 -6.780 4.680 25.800 26.520 
-5.940 29.520 -24.960 16.500 27.960 2.400 -27.720 9.960 19.440 11.460 20.820 -19.380 -24.000 -14.460 -1.200 29.280 -11.160 3.060 28.260 28.920 1.680 12.000 -13.800 -18.420 -26.340 -15.900 25.800 -12.000 -13.620 -7.380 
4.020 22.080 1.920 -3.420 -19.260 -4.980 -27.840 -0.360 -28.860 1.380 -26.460 1.500 3.180 26.880 15.060 -14.880 6.360 -30.000 -25.920 -28.260 -2.580 -4.440 -5.580 -14.580 22.860 15.120 -24.480 14.280 -24.720 -27.420 
17.700 -9.960 2.160 -21.360 -22.920 -19.560 18.600 4.200 28.980 14.160 20.220 -16.860 17.460 6.120 -5.280 -20.880 -28.440 11.280 20.640 -18.180 -10.260 22.740 6.240 13.260 -6.060 22.500 -27.780 -22.140 2.700 -0.360 
